{
    "metadata": {
        "version": 4.5,
        "type": "Object",
        "generator": "Object3D.toJSON"
    },
    "object": {
        "uuid": "da8c50b7-a418-4c81-a9fe-5a421c1bc44d",
        "type": "Group",
        "name": "Armature001",
        "userData": {
            "transformData": {
                "eulerOrder": "ZYX",
                "parentMatrix": {
                    "elements": [1,0,0,0,0,1,0,0,0,0,1,0,0,0,0,1]
                },
                "parentMatrixWorld": {
                    "elements": [1,0,0,0,0,1,0,0,0,0,1,0,0,0,0,1]
                }
            }
        },
        "layers": 1,
        "matrix": [1,0,0,0,0,1,0,0,0,0,1,0,0,0,0,1],
        "children": [
            {
                "uuid": "72868336-e498-4309-8df1-97b8f74e29ca",
                "type": "Bone",
                "name": "mixamorigHips",
                "userData": {
                    "transformData": {
                        "eulerOrder": "ZYX",
                        "translation": [0,96.74480000054845,0],
                        "rotation": [0,0,-0.0014],
                        "parentMatrix": {
                            "elements": [1,0,0,0,0,1,0,0,0,0,1,0,0,0,0,1]
                        },
                        "parentMatrixWorld": {
                            "elements": [1,0,0,0,0,1,0,0,0,0,1,0,0,0,0,1]
                        }
                    }
                },
                "layers": 1,
                "matrix": [0.9999999997014749,-0.000024434609525489164,0,0,0.000024434609525489164,0.9999999997014749,0,0,0,0,1,0,0,96.74480000054845,0,1],
                "children": [
                    {
                        "uuid": "ce45c995-cb4b-46ba-81cd-c4ce074a2477",
                        "type": "Bone",
                        "name": "mixamorigSpine",
                        "userData": {
                            "transformData": {
                                "eulerOrder": "ZYX",
                                "translation": [0,9.5226,0.023700000000000002],
                                "rotation": [0.1424,0,0.0014],
                                "parentMatrix": {
                                    "elements": [0.9999999997014749,-0.000024434609525489164,0,0,0.000024434609525489164,0.9999999997014749,0,0,0,0,1,0,0,96.74480000054845,0,1]
                                },
                                "parentMatrixWorld": {
                                    "elements": [0.9999999997014749,-0.000024434609525489164,0,0,0.000024434609525489164,0.9999999997014749,0,0,0,0,1,0,0,96.74480000054845,0,1]
                                }
                            }
                        },
                        "layers": 1,
                        "matrix": [0.9999999997014749,0.000024434609525489164,6.617444900424222e-24,0,-0.000024434534059738246,0.9999969112236002,0.002485346296191081,0,6.07284662830498e-8,-0.0024853462954491437,0.9999969115221247,0,-4.336808689942018e-19,9.522599999999997,0.023700000000000002,1],
                        "children": [
                            {
                                "uuid": "253a0bab-df29-4c33-b461-fe02bc81d7ef",
                                "type": "Bone",
                                "name": "mixamorigSpine1",
                                "userData": {
                                    "transformData": {
                                        "eulerOrder": "ZYX",
                                        "translation": [0,11.1097,0],
                                        "parentMatrix": {
                                            "elements": [0.9999999997014749,0.000024434609525489164,6.617444900424222e-24,0,-0.000024434534059738246,0.9999969112236002,0.002485346296191081,0,6.07284662830498e-8,-0.0024853462954491437,0.9999969115221247,0,-4.336808689942018e-19,9.522599999999997,0.023700000000000002,1]
                                        },
                                        "parentMatrixWorld": {
                                            "elements": [1,0,6.617444900424222e-24,0,0,0.9999969115221243,0.002485346296191081,0,-1.3234889800848443e-23,-0.002485346296191082,0.9999969115221247,0,0.0002326810126674226,106.26739999770571,0.023700000000000002,1]
                                        }
                                    }
                                },
                                "layers": 1,
                                "matrix": [1,0,0,0,0,1,-2.168404344971009e-19,0,0,2.168404344971009e-19,1,0,-2.710505431213761e-20,11.109700000000004,-5.551115123125783e-17,1],
                                "children": [
                                    {
                                        "uuid": "de807882-a205-49bc-9846-2072d78c72a2",
                                        "type": "Bone",
                                        "name": "mixamorigSpine2",
                                        "userData": {
                                            "transformData": {
                                                "eulerOrder": "ZYX",
                                                "translation": [0,12.6968,0],
                                                "parentMatrix": {
                                                    "elements": [1,0,0,0,0,1,-2.168404344971009e-19,0,0,2.168404344971009e-19,1,0,-2.710505431213761e-20,11.109700000000004,-5.551115123125783e-17,1]
                                                },
                                                "parentMatrixWorld": {
                                                    "elements": [1,0,6.617444900424222e-24,0,2.8698592549372254e-42,0.9999969115221243,0.002485346296191081,0,-1.3234889800848443e-23,-0.002485346296191082,0.9999969115221247,0,0.00023268101266742258,117.37706568564306,0.05131145174679401,1]
                                                }
                                            }
                                        },
                                        "layers": 1,
                                        "matrix": [1,-2.8698592549372254e-42,3.111507638930571e-61,0,2.8698592549372254e-42,1,-2.168404344971009e-19,0,3.111507638930571e-61,2.168404344971009e-19,1,0,-2.710505431213761e-20,12.696799999999982,0,1],
                                        "children": [
                                            {
                                                "uuid": "b517e80a-4cd8-408e-8f47-196ca8a1f036",
                                                "type": "Bone",
                                                "name": "mixamorigNeck",
                                                "userData": {
                                                    "transformData": {
                                                        "eulerOrder": "ZYX",
                                                        "translation": [0,14.2839,0],
                                                        "rotation": [-0.1424,0,0],
                                                        "parentMatrix": {
                                                            "elements": [1,-2.8698592549372254e-42,3.111507638930571e-61,0,2.8698592549372254e-42,1,-2.168404344971009e-19,0,3.111507638930571e-61,2.168404344971009e-19,1,0,-2.710505431213761e-20,12.696799999999982,0,1]
                                                        },
                                                        "parentMatrixWorld": {
                                                            "elements": [1,-2.8698503914404102e-42,6.617444900424222e-24,0,8.609577764811676e-42,0.9999969115221243,0.002485346296191081,0,-1.3234889800848443e-23,-0.002485346296191082,0.9999969115221247,0,0.00023268101266742255,130.07382647185716,0.08286739660027288,1]
                                                        }
                                                    }
                                                },
                                                "layers": 1,
                                                "matrix": [1,2.8698681184340424e-42,-3.566313556593716e-45,0,-2.8698681184340424e-42,0.9999969115221247,-0.002485346296191082,0,-3.566313556593716e-45,0.002485346296191082,0.9999969115221247,0,-2.710505431213761e-20,14.283899999999988,-5.551115123125783e-17,1],
                                                "children": [
                                                    {
                                                        "uuid": "33da5c43-1893-42f9-b38f-bb436294ee8b",
                                                        "type": "Bone",
                                                        "name": "mixamorigHead",
                                                        "userData": {
                                                            "transformData": {
                                                                "eulerOrder": "ZYX",
                                                                "translation": [0,13.4915,1.3775],
                                                                "parentMatrix": {
                                                                    "elements": [1,2.8698681184340424e-42,-3.566313556593716e-45,0,-2.8698681184340424e-42,0.9999969115221247,-0.002485346296191082,0,-3.566313556593716e-45,0.002485346296191082,0.9999969115221247,0,-2.710505431213761e-20,14.283899999999988,-5.551115123125783e-17,1]
                                                                },
                                                                "parentMatrixWorld": {
                                                                    "elements": [1,1.77269936312668e-47,6.617444900424222e-24,0,3.289328434703581e-26,0.9999999999999997,-8.673617379884035e-19,0,-1.323484892518411e-23,-8.673617379884035e-19,1,0,0.00023268101266742252,144.35768235634802,0.11836783456043659,1]
                                                                }
                                                            }
                                                        },
                                                        "layers": 1,
                                                        "matrix": [1,2.8698415279435976e-42,-7.346839692639297e-40,0,-2.8698415279435976e-42,1,1.0542132824540315e-81,0,7.346839692639297e-40,1.0542132824540315e-81,1,0,-2.710505431213761e-20,13.491500000000002,1.3775000000000002,1],
                                                        "children": [
                                                            {
                                                                "uuid": "51c5b160-1312-4de1-a79f-6c32acf47585",
                                                                "type": "Bone",
                                                                "name": "mixamorigHeadTop_End",
                                                                "userData": {
                                                                    "transformData": {
                                                                        "eulerOrder": "ZYX",
                                                                        "translation": [0,29.6463,3.0268],
                                                                        "parentMatrix": {
                                                                            "elements": [1,2.8698415279435976e-42,-7.346839692639297e-40,0,-2.8698415279435976e-42,1,1.0542132824540315e-81,0,7.346839692639297e-40,1.0542132824540315e-81,1,0,-2.710505431213761e-20,13.491500000000002,1.3775000000000002,1]
                                                                        },
                                                                        "parentMatrixWorld": {
                                                                            "elements": [1,2.8698592549372285e-42,6.617444900424221e-24,0,3.289328434703581e-26,0.9999999999999997,-8.673617379884035e-19,0,-1.3234848925184109e-23,-8.673617379884035e-19,1,0,0.0002326810126674225,157.84918235634802,1.4958678345604368,1]
                                                                        }
                                                                    }
                                                                },
                                                                "layers": 1,
                                                                "matrix": [1,2.8698415279435963e-42,-1.1020259538958945e-39,0,-2.8698415279435963e-42,1,1.5813199236810466e-81,0,1.1020259538958945e-39,1.5813199236810466e-81,1,0,-2.710505431213761e-20,29.646300000000025,3.0267999999999997,1],
                                                                "children": [
                                                                    {
                                                                        "uuid": "c78fe254-d400-44bb-817b-eb0f215a44a5",
                                                                        "type": "Bone",
                                                                        "name": "mixamorigHeadTop_End_end",
                                                                        "userData": {
                                                                            "transformData": {
                                                                                "eulerOrder": "ZYX",
                                                                                "translation": [0,29.8004,0],
                                                                                "parentMatrix": {
                                                                                    "elements": [1,2.8698415279435963e-42,-1.1020259538958945e-39,0,-2.8698415279435963e-42,1,1.5813199236810466e-81,0,1.1020259538958945e-39,1.5813199236810466e-81,1,0,-2.710505431213761e-20,29.646300000000025,3.0267999999999997,1]
                                                                                },
                                                                                "parentMatrixWorld": {
                                                                                    "elements": [1,5.7397007828808255e-42,6.61744490042422e-24,0,3.289328434703581e-26,0.9999999999999997,-8.673617379884035e-19,0,-1.3234848925184107e-23,-8.673617379884035e-19,1,0,0.00023268101266742247,187.49548235634805,4.522667834560437,1]
                                                                                }
                                                                            }
                                                                        },
                                                                        "layers": 1,
                                                                        "matrix": [1,2.8698415279435963e-42,-1.1020259538958945e-39,0,-2.8698415279435963e-42,1,1.5813199236810466e-81,0,1.1020259538958945e-39,1.5813199236810466e-81,1,0,-2.710505431213761e-20,29.800399999999996,0,1]
                                                                    }]
                                                            }]
                                                    }]
                                            },
                                            {
                                                "uuid": "fb20c7d4-d183-4e98-860f-c2af5d3f6498",
                                                "type": "Bone",
                                                "name": "mixamorigLeftShoulder",
                                                "userData": {
                                                    "transformData": {
                                                        "eulerOrder": "ZYX",
                                                        "translation": [9.0017,10.9111,-0.0172],
                                                        "rotation": [-71.96187471293732,89.85139705248493,-166.41035459968032],
                                                        "parentMatrix": {
                                                            "elements": [1,-2.8698592549372254e-42,3.111507638930571e-61,0,2.8698592549372254e-42,1,-2.168404344971009e-19,0,3.111507638930571e-61,2.168404344971009e-19,1,0,-2.710505431213761e-20,12.696799999999982,0,1]
                                                        },
                                                        "parentMatrixWorld": {
                                                            "elements": [1,-2.8698503914404102e-42,6.617444900424222e-24,0,8.609577764811676e-42,0.9999969115221243,0.002485346296191081,0,-1.3234889800848443e-23,-0.002485346296191082,0.9999969115221247,0,0.00023268101266742255,130.07382647185716,0.08286739660027288,1]
                                                        }
                                                    }
                                                },
                                                "layers": 1,
                                                "matrix": [-0.0025209958118113107,-0.0006094108306226587,-0.999996636593622,0,0.9969843722061047,-0.07756339188769296,-0.0024661337503065744,0,-0.07756162812186863,-0.9969872360553651,0.0008031100604826149,0,9.0017,10.911100000000033,-0.01720000000000005,1],
                                                "children": [
                                                    {
                                                        "uuid": "b715f4eb-b1c2-4a2b-9bdb-1f6dd9c6df2a",
                                                        "type": "Bone",
                                                        "name": "mixamorigLeftArm",
                                                        "userData": {
                                                            "transformData": {
                                                                "eulerOrder": "ZYX",
                                                                "translation": [0,19.2615,0],
                                                                "rotation": [-4.448438530650885,-0.15740586638254758,0.15712458866658802],
                                                                "parentMatrix": {
                                                                    "elements": [-0.0025209958118113107,-0.0006094108306226587,-0.999996636593622,0,0.9969843722061047,-0.07756339188769296,-0.0024661337503065744,0,-0.07756162812186863,-0.9969872360553651,0.0008031100604826149,0,9.0017,10.911100000000033,-0.01720000000000005,1]
                                                                },
                                                                "parentMatrixWorld": {
                                                                    "elements": [-0.0025209958118113107,0.0018759289884907066,-0.9999950627230852,0,0.9969843722061047,-0.07755702313849092,-0.002658898022455144,0,-0.07756162812186863,-0.9969861528889584,-0.0016747509543850229,0,9.001932681012667,140.98493552112254,0.09278531169446289,1]
                                                                }
                                                            }
                                                        },
                                                        "layers": 1,
                                                        "matrix": [0.9999924661077078,0.002742327622072532,0.002747247174570846,0,-0.0025209958118734416,0.9969843722061053,-0.07756162812186905,0,-0.002951661894846031,0.07755411798229549,0.996983774429678,0,0,19.261500000000005,-2.842170943040401e-14,1],
                                                        "children": [
                                                            {
                                                                "uuid": "890c4303-4756-480a-9ab2-1d6424a4b27c",
                                                                "type": "Bone",
                                                                "name": "mixamorigLeftForeArm",
                                                                "userData": {
                                                                    "transformData": {
                                                                        "eulerOrder": "ZYX",
                                                                        "translation": [0,28.5167,0],
                                                                        "rotation": [-3.2600864395404895e-20,-0.0018000000000000125,-3.030552506805331e-17],
                                                                        "parentMatrix": {
                                                                            "elements": [0.9999924661077078,0.002742327622072532,0.002747247174570846,0,-0.0025209958118734416,0.9969843722061053,-0.07756162812186905,0,-0.002951661894846031,0.07755411798229549,0.996983774429678,0,0,19.261500000000005,-2.842170943040401e-14,1]
                                                                        },
                                                                        "parentMatrixWorld": {
                                                                            "elements": [6.212979891846715e-14,-0.0010757393030050913,-0.9999994213923088,0,0.9999999999999998,1.8041124150158794e-16,6.227741304425105e-14,0,1.6653345369377348e-16,-0.9999994213923087,0.0010757393030050334,0,28.20534716626056,139.4910709199405,0.04157094743494317,1]
                                                                        }
                                                                    }
                                                                },
                                                                "layers": 1,
                                                                "matrix": [0.9999999995065197,-5.289311937342569e-19,0.0000314159265307302,0,5.289312118706982e-19,1,-5.689924224030202e-22,0,-0.0000314159265307302,5.856092862141737e-22,0.9999999995065197,0,0,28.516699999999993,0,1],
                                                                "children": [
                                                                    {
                                                                        "uuid": "fbb87765-967b-4ad2-b6af-4a4ca50ee9cc",
                                                                        "type": "Bone",
                                                                        "name": "mixamorigLeftHand",
                                                                        "userData": {
                                                                            "transformData": {
                                                                                "eulerOrder": "ZYX",
                                                                                "translation": [0,26.2374,0],
                                                                                "rotation": [-0.038545860602483606,0.33727777507723544,-6.8982612388886615],
                                                                                "parentMatrix": {
                                                                                    "elements": [0.9999999995065197,-5.289311937342569e-19,0.0000314159265307302,0,5.289312118706982e-19,1,-5.689924224030202e-22,0,-0.0000314159265307302,5.856092862141737e-22,0.9999999995065197,0,0,28.516699999999993,0,1]
                                                                                },
                                                                                "parentMatrixWorld": {
                                                                                    "elements": [6.212927518841633e-14,-0.0011071552108274686,-0.999999387103482,0,0.9999999999999998,1.8041124150158791e-16,6.227688411273313e-14,0,1.6458217402268713e-16,-0.9999993871034819,0.0011071552108274107,0,56.722047166260545,139.4910709199405,0.041570947436719116,1]
                                                                                }
                                                                            }
                                                                        },
                                                                        "layers": 1,
                                                                        "matrix": [0.9927437866761479,-0.12010463049487524,-0.005886573671689028,0,0.12010275274986991,0.9927612382653539,-0.0006727404736605241,0,0.005924761413454173,-0.00003913477696270708,0.9999824476812893,0,0,26.237399999999994,0,1],
                                                                        "children": [
                                                                            {
                                                                                "uuid": "7f2e47bf-c5ee-4d11-8c78-b9a872ff8200",
                                                                                "type": "Bone",
                                                                                "name": "mixamorigLeftHandThumb1",
                                                                                "userData": {
                                                                                    "transformData": {
                                                                                        "eulerOrder": "ZYX",
                                                                                        "translation": [-2.4392,2.3863,0.9397000000000001],
                                                                                        "rotation": [27.447206415882494,-0.5570215165055303,55.038672555014166],
                                                                                        "parentMatrix": {
                                                                                            "elements": [0.9927437866761479,-0.12010463049487524,-0.005886573671689028,0,0.12010275274986991,0.9927612382653539,-0.0006727404736605241,0,0.005924761413454173,-0.00003913477696270708,0.9999824476812893,0,0,26.237399999999994,0,1]
                                                                                        },
                                                                                        "parentMatrixWorld": {
                                                                                            "elements": [-0.12010463049481354,0.00478744860739341,-0.9927496955776598,0,0.9927612382653611,0.0005397676727986677,-0.12010342396737007,0,-0.00003913477696217439,-0.9999883944260007,-0.004817622004502247,0,82.95944716626053,139.4910709199405,0.0415709474383531,1]
                                                                                        }
                                                                                    }
                                                                                },
                                                                                "layers": 1,
                                                                                "matrix": [0.5729963287660444,0.8195002719015779,0.009721706325332678,0,-0.7298560876485989,0.5048491719226011,0.4609093239796133,0,0.37280732093524654,-0.27119479707823374,0.8873939843692762,0,-2.4392000000000014,2.3862999999999914,0.9396999999999878,1],
                                                                                "children": [
                                                                                    {
                                                                                        "uuid": "bf0e78c8-a2c3-4919-a77d-4f42a523a788",
                                                                                        "type": "Bone",
                                                                                        "name": "mixamorigLeftHandThumb2",
                                                                                        "userData": {
                                                                                            "transformData": {
                                                                                                "eulerOrder": "ZYX",
                                                                                                "translation": [0.7967000000000001,2.7171000000000003,0],
                                                                                                "rotation": [-0.20266993247823886,0.9246846736890448,-28.70505806549271],
                                                                                                "parentMatrix": {
                                                                                                    "elements": [0.5729963287660444,0.8195002719015779,0.009721706325332678,0,-0.7298560876485989,0.5048491719226011,0.4609093239796133,0,0.37280732093524654,-0.27119479707823374,0.8873939843692762,0,-2.4392000000000014,2.3862999999999914,0.9396999999999878,1]
                                                                                                },
                                                                                                "parentMatrixWorld": {
                                                                                                    "elements": [0.7447482118936715,-0.006536063268535794,-0.6673135550534919,0,0.5888357471929552,-0.4641256221101148,0.6617098077923681,0,-0.31404229605085565,-0.8857452719477806,-0.3418080594621173,0,85.62139574888619,138.54099232865286,2.1719560848804176,1]
                                                                                                }
                                                                                            }
                                                                                        },
                                                                                        "layers": 1,
                                                                                        "matrix": [0.8769895431950642,-0.48023838156541504,-0.016138091521120054,0,0.4802478561370471,0.8771256966906998,-0.0035367895928906067,0,0.01585363687874789,-0.004648556365715175,0.9998635172469449,0,0.7966999999999942,2.7170999999999843,0,1],
                                                                                        "children": [
                                                                                            {
                                                                                                "uuid": "2902e8df-5bc4-467a-b4cb-6e5f48c08701",
                                                                                                "type": "Bone",
                                                                                                "name": "mixamorigLeftHandThumb3",
                                                                                                "userData": {
                                                                                                    "transformData": {
                                                                                                        "eulerOrder": "ZYX",
                                                                                                        "translation": [-0.6532,2.9805,0],
                                                                                                        "rotation": [-0.029746331996539442,0.5025031768655199,8.97359811675341],
                                                                                                        "parentMatrix": {
                                                                                                            "elements": [0.8769895431950642,-0.48023838156541504,-0.016138091521120054,0,0.4802478561370471,0.8771256966906998,-0.0035367895928906067,0,0.01585363687874789,-0.004648556365715175,0.9998635172469449,0,0.7966999999999942,2.7170999999999843,0,1]
                                                                                                        },
                                                                                                        "parentMatrixWorld": {
                                                                                                            "elements": [0.3754229112193366,0.23145311672812835,-0.8974893272281487,0,0.8752573986412447,-0.4071027453578524,0.2611356751687909,0,-0.3049297031372303,-0.8835704892530841,-0.3554167506824993,0,87.81466225799984,137.27470931921144,3.438239094321937,1]
                                                                                                        }
                                                                                                    }
                                                                                                },
                                                                                                "layers": 1,
                                                                                                "matrix": [0.9877223322869354,0.15597332303594982,-0.008770222504563965,0,-0.15598379836390303,0.9877594773677183,-0.0005191514435217771,0,0.008581896621701703,0.0018807900933639288,0.9999614060947547,0,-0.6532000000000053,2.980499999999985,2.842170943040401e-14,1],
                                                                                                "children": [
                                                                                                    {
                                                                                                        "uuid": "c9011511-a9ff-4feb-bc13-a70431ef7976",
                                                                                                        "type": "Bone",
                                                                                                        "name": "mixamorigLeftHandThumb4",
                                                                                                        "userData": {
                                                                                                            "transformData": {
                                                                                                                "eulerOrder": "ZYX",
                                                                                                                "translation": [-0.14350000000000002,2.4242,0],
                                                                                                                "parentMatrix": {
                                                                                                                    "elements": [0.9877223322869354,0.15597332303594982,-0.008770222504563965,0,-0.15598379836390303,0.9877594773677183,-0.0005191514435217771,0,0.008581896621701703,0.0018807900933639288,0.9999614060947547,0,-0.6532000000000053,2.980499999999985,2.842170943040401e-14,1]
                                                                                                                },
                                                                                                                "parentMatrixWorld": {
                                                                                                                    "elements": [0.5100046997861543,0.1728633540484809,-0.8426229684877723,0,0.8061422036548345,-0.4377638243851039,0.39811754739807026,0,-0.3000499186511503,-0.8823157569072632,-0.36261405299657207,0,90.17814068904158,135.91015441082553,4.802794002707936,1]
                                                                                                                }
                                                                                                            }
                                                                                                        },
                                                                                                        "layers": 1,
                                                                                                        "matrix": [1,1.5407439555097887e-33,-2.7755575615628914e-17,0,1.5407439555097887e-33,1,1.1102230246251565e-16,0,2.7755575615628914e-17,-1.1102230246251565e-16,1,0,-0.14349999999998886,2.4242000000000097,-2.842170943040401e-14,1],
                                                                                                        "children": [
                                                                                                            {
                                                                                                                "uuid": "49f3f9d7-aed3-4376-953e-4dca2dc293ab",
                                                                                                                "type": "Bone",
                                                                                                                "name": "mixamorigLeftHandThumb4_end",
                                                                                                                "userData": {
                                                                                                                    "transformData": {
                                                                                                                        "eulerOrder": "ZYX",
                                                                                                                        "translation": [0,2.4285,0],
                                                                                                                        "parentMatrix": {
                                                                                                                            "elements": [1,1.5407439555097887e-33,-2.7755575615628914e-17,0,1.5407439555097887e-33,1,1.1102230246251565e-16,0,2.7755575615628914e-17,-1.1102230246251565e-16,1,0,-0.14349999999998886,2.4242000000000097,-2.842170943040401e-14,1]
                                                                                                                        },
                                                                                                                        "parentMatrixWorld": {
                                                                                                                            "elements": [0.5100046997861543,0.17286335404848094,-0.8426229684877723,0,0.8061422036548345,-0.43776382438510403,0.3981175473980702,0,-0.3000499186511504,-0.8823157569072632,-0.3626140529965721,0,92.05920494472234,134.82412145644523,5.888826957088337,1]
                                                                                                                        }
                                                                                                                    }
                                                                                                                },
                                                                                                                "layers": 1,
                                                                                                                "matrix": [1,2.7755575615628907e-17,1.7105694144590048e-49,0,-2.7755575615628914e-17,1.0000000000000002,1.2325951644078312e-32,0,1.7105694144590048e-49,-1.232595164407831e-32,1,0,-1.4210854715202004e-14,2.4284999999999997,0,1]
                                                                                                            }]
                                                                                                    }]
